0000000000000000000000000000000000000000000000000000000000000000
0000000000000000000000000000000000000000000000000000000000000000
0000000000000000000000000000000000000000000000000000000000000000
0000000000000000000000000000000000000000000000000000000000000000
0000000000000000000000000000000000000000000000000000000000000000
0000000000000000000000000000000000000000000000000000000000000000
0000000000000000000110000000000000000000000000000000000000000000
0000000000000000010100000000000000000000000000000000000000000000
0000000000000000110000000000000000000000000100000000000000000000
0000000000000000100000000000000000000000000110000000000000000000
0000000000000000000000000000000000000000000010100000000000000000
0000000000000000000000000000000000000100000000110000000000000000
0000000000000000000000000000010000000100000000010000000000000000
0000000000000000000000000000010000000000000000000000000000000000
0000000000000000000001000010000000000000000000000000000000000000
0000000000000000000000000010000000100000000000000000000000000000
0000000000000000000000000000000000100000001000000000000000000000
0000000000000000000000000000000000000000000000000010000000000000
0000000000000000000110000000000000000000000000000000000000000000
0000000000000000001110000000000000000000000000000000000000000000
0000000000000000010000000000000000000000000000000000000000000000
0000000000000000110000000000000000000000000110000000000000000000
0000000000000000100000000000000000000000000110000000000000000000
0000000000000000000000000000000000000000000000100000000000000000
0000000000000000000000000000000000000100000000110000000000000000
0000000000100000000000000000010000000100000000010000000000000000
0000000000100000000001000000010000000000000000000000000000000000
0000000000000000000001000010000000000000000000000000000000000000
0000000000000000000000000010000000100000000000000000000000000000
0000000000000000000000000000000000100000000000000000000000000000
0000000000000000000010000000000000000000000000000010000000100000
0000000000000000000110000000000000000000000000000000000000000000
0000000000000000000100000000000000000000000000000000000000000000
0000000000000000110000000000000000000000000100000000000000000000
0000000000000000110000000000000000000000000110000000000000000000
0000000000000000000000000000000000000000000010000000000000000000
0000000000000000000000000000000000000000000000110000000000000000
0000000000000000000000000000010000000100000000110000000000000000
0000000000100000000001000000010000000100000000000000000000000000
0000000000000000000001000000000000000000000000000000000000000000
0000000000000100000000000010000000100000000000000000000000000000
0000000000000000000000000010000000100000001000000000000000000000
0000000000000000000000000000000000000000001000000010000000000000
0000000000000000000010000000000000000000000000000000000000000000
0000000000000000000110000000000000000000000000000000000000000000
0000000000000000010100000000000000000000000000000000000000000000
0000000000000000110000000000000000000000000100000000000000000000
0000000000100000100000000000000000000000000110000000000000000000
0000000000000000000000000000000000000000000010100000000000000000
0000000000000000000000000000000000000100000000110000000000000000
0000000000000000000000000000010000000100000000010000000000000000
0000000000000000000001000000010000000000000000000000000000000000
0000000000000000000001000010000000000000000000000000000000000000
0000000000000000000000000010000000100000000000000000000000000000
0000000000000000000000000000000000100000000000000000000000000000
0000000000000000000000000000000000000000001000000010000000000000
0000000000000000000110000000000000000000000000000000000000000000
0000000000000000000110000000000000000000000000000000000000000000
0000000000000000010000000000000000000000000000000000000000000000
0000000000000000110000000000000000000000000110000000000000000000
0000000000000000100000000000000000000000000110000000000000000000
0000000000000000000000000000000000000000000000100000000000000000
0000000000000000000000000000000000000100000000110000000000000000
0000000000000000000000000000010000000100000000010000000000000000
0000000000000000000001000000010000000000000000000000000000000000
0000000000100000000001000010000000000000000000000000000000000000
0000000000100000000000000010000000100000000000000000000000000000
0000000000000000000000000000000000100000001000000000000000000000
0000000000000000000010000000000000000000001000000010000000000000
0000000000000000000110000000000000000000000000000000000000000000
0000000000000000001100000000000000000000000000000000000000000000
0000000000000000110000000000000000000000000100000000000000000000
0000000000100000110000000000000000000000000110000000000000000000
0000000000000000000000000000000000000000000011000000000000000000
0000000000000000000000000000000000000000000000110000000000000000
0000000000100000000000000000010000000100000000110000000000000000
0000000000000000000000000000010000000100000000000000000000000000
0000000000000000000001000000000000000000000000000000000000000000
0000000000100000000000000010000000000000000000000000000000000000
0000000000100000000000000010000000100000000000000000000000000000
0000000000000000000000000000000000000000001000000010000000000000
0000000000100000000010000000000000000000000000000000000000000000
0000000000000000000110000000000000000000000000000000000000000000
0000000000000000011100000000000000000000000000000000000000000000
0000000000000000110000000000000000000000000100000000000000000000
0000000000100000100000000000000000000000000110000000000000000000
0000000000000000000000000000000000000000000010100000000000000000
0000000000000000000000000000000000000100000000110000000000000000
0000000000100000000000000000010000000100000000010000000000000000
0000000000000000000000000000010000000000000000000000000000000000
0000000000000000000001000010000000000000000000000000000000000000
0000000000100000000000000010000000100000000000000000000000000000
0000000000100000000000000000000000100000000000000000000000000000
0000000000100000000000000000000000000000000000000000000000000000
0000000000000000000110000000000000000000000000000000000000000000
0000000000000000000110000000000000000000000000000000000000000000
0000000000000000010000000000000000000000000000000000000000000000
0000000000000000110000000000000000000000000110000000000000000000
0000000000000000100000000000000000000000000110000000000000000000
0000000000000000000000000000000000000000000000100000000000000000
0000000000100000000000000000000000000100000000110000000000000000
0000000000000000000000000000010000000100000000010000000000000000
0000000000100000000001000000010000000000000000000000000000000000
0000000000100000000001000010000000000000000000000000000000000000
0000000000000000000000000010000000100000000000000000000000000000
0000000000000000000000000000000000100000000000000000000000000000
0000000000000000000010000000000000000000000000000010000000100000
0000000000000000000110000000000000000000000000000000000000000000
0000000000000000000100000000000000000000000000000000000000000000
0000100000100000110000000000000000000000000100000000000000000000
0000000000000000110000000000000000000000000110000000000000000000
0000000000000000000000000000000000000000000010000000000000000000
0000000000000000000000000000000000000000000000100000000000000000
0000000000100000000000000000010000000100000000110000000000000000
0000000000000000000001000000010000000100000000010000000000000000
0000000000100000000001000000000000000000000000000000000000000000
0000000000100000000000000010000000100000000000000000000000000000
0000000000100000000000000010000000100000000000000000000000000000
0000000000000000000000000000000000000000000000000000000000000000
0000000000000000000010000000000000000000000000000010000000000000
0000000000000000000110000000000000000000000000000000000000000000
0000000000000000011100000000000000000000000000000000000000000000
0000000000100000110000000000000000000000000100000000000000000000
0000000000000000100000000000000000000000000110000000000000000000
0000000000000000000000000000000000000000000010100000000000000000
0000000000100000000000000000000000000100000000110000000000000000
0000000000000000000000000000010000000100000000010000000000000000
0000000000000000000000000000010000000000000000000000000000000000
0000000000100000000001000010000000000000000000000000000000000000
0000000000000000000000000010000000100000000000000000000000000000
0000000000000000000000000000000000100000001000000000000000000000
0000000000000000000000000000000000000000001000000010000000000000
0000000000000000000110000000000000000000000000000010000000100000
0000000000000000000110000000000000000000000000000000000000000000
0000000000000000011000000000000000000000000000000000000000000000
0000000000000000110000000000000000000000000110000000000000000000
0000000000000000100000000000000000000000000110000000000000000000
0000000000000000000000000000000000000000000000100000000000000000
0000000000100000000000000000000000000000000000110000000000000000
0000000000100000000000000000010000000000000000010000000000000000
0000000000100000000001000000010000000000000000000000000000000000
0000000000100000000001000010000000000000000000000000000000000000
0000000000000000000000000010000000100000000000000000000000000000
0000000000000000000000000000000000100000000000000010000000000000
0000000000000000000010000000000000000000000000000000000000000000
0000000000000000000110000000000000000000000000000000000000000000
0000000000000000000100000000000000000000000000000000000000000000
0000000000000000010000000000000000000000000100000000000000000000
0000000000000000110000000000000000000000000110000000000000000000
0000000000000000100000000000000000000000000010000000000000000000
0000000000100000000000000000000000000000000000100000000000000000
0000000000100000000000000000010000000100000000110000000000000000
0000000000000000000001000000010000000100000000010000000000000000
0000000000100000000001000000000000000000000000000000000000000000
0000000000100000000000000010000000000000000000000000000000000000
0000000000000000000000000010000000100000000000000000000000000000
0000000000100000000000000000000000100000000000000000000000000000
0000000000000000000010000000000000000000000000000010000000000000
0000000000000000000110000000000000000000000000000000000000000000
0000000000000000011000000000000000000000000000000000000000000000
0000000000100000110000000000000000000000000100000000000000000000
0000000000000000100000000000000000000000000110000000000000000000
0000000000100000000000000000000000000000000010100000000000000000
0000000000100000000000000000000000000100000000110000000000000000
0000000000100000000000000000010000000100000000010000000000000000
0000000000100000000000000000010000000000000000000000000000000000
0000000000100000000001000010000000000000000000000000000000000000
0000000000100000000000000010000000100000000000000000000000000000
0000000000000000000000000010000000100000000000000000000000000000
0000000000100000000000000000000000000000000000000010000000000000
0000000000000000000110000000000000000000000000000010000000000000
0000100000000000000110000000000000000000000000000000000000000000
0000000000000000011000000000000000000000000000000000000000000000
0000000000000000110000000000000000000000000110000000000000000000
0000000000000000100000000000000000000000000110000000000000000000
0000000000000000000000000000000000000000000000100000000000000000
0000000000000000000000000000000000000000000000110000000000000000
0000000000100000000000000000010000000100000000010000000000000000
0000000000100000000000000000010000000000000000000000000000000000
0000000000100000000001000010000000000000000000000000000000000000
0000000000000000000000000010000000100000000000000000000000000000
0000000000000000000000000000000000100000000000000000000000000000
0000000000000000000010000000000000000000000000000000000000000000
0000100000000000000110000000000000000000000000000000000000000000
0000000000000000000100000000000000000000000000000000000000000000
0000000000000000011000000000000000000000000100000000000000000000
0000000000100000110000000000000000000000000110000000000000000000
0000000000100000100000000000000000000000000010000000000000000000
0000000000100000000000000000000000000000000000100000000000000000
0000000000100000000000000000010000000100000000110000000000000000
0000000000100000000000000000010000000100000000010000000000000000
0000000000100000000001000000000000000000000000000000000000000000
0000000000000000000000000010000000000000000000000000000000000000
0000000000000000000000000010000000100000000000000000000000000000
0000000000000000000000000000000000100000000000000000000000000000
0000000000000000000010000000000000000000001000000000000000000000
0000000000000000000110000000000000000000000000000000000000000000
0000000000100000011000000000000000000000000000000000000000000000
0000000000000000110000000000000000000000000100000000000000000000
0000000000000000100000000000000000000000000110000000000000000000
0000000000000000000000000000000000000000000010100000000000000000
0000000000000000000000000000000000000100000000110000000000000000
0000000000000000000000000000010000000100000000010000000000000000
0000000000000000000001000000010000000000000000000000000000000000
0000000000000000000001000000000000000000000000000000000000000000
0000000000000000000000000010000000100000000000000000000000000000
0000000000000000000000000010000000100000001000000000000000000000
0000000010000000000000000000000000000000000000000010000000000000
1000000000000000010000001100000000000000001000000000000000000000
1000000000000000000000001110000000000000010000000000000000000000
0000000000000000000000000011000000000000010000000000000000000000
0000000000000000000000000001110000000000010000000000000000000000
0000000000000000000000000000111100000000000000000000000000000000
1000000000000000000000000000001100000000000000000000000000000000
0100000010000000000000000000000010000000000000000000000000000000
0000000001000000000000000000000010000000000000000000000000000000
0000000001000000000000000000000000100000000000000000000000000000
0000000001000000000000000000000000101100000000000000000000000000
0000000011000000000000000000000000001110000000000000000000000000
0000000010000000000000000000000000000011000000000000000000000000
0000000001000000000000000000000000000001000000000000000000000000
0000000001000000000000000000000000000000100000000000000000000000
0000000001000000001000000000000000000000000000000000000000000000
0000000001000000001100000000000000000000000000000000000000000000
0000000001000000000111100000000000000000000000000000000000000000
0000000001000000000011110000000000000000000000000000000000000000
0000000000000000000000010000000000000000000000000000000000000000
1100000000000000000000000000000000000000000000000000000000000000
0100000000000000000000000000000000000000001000000000000000000000
0000000000000000000000000000000000000000001000000000000000000000
0100000000000000000000000000000000000000000011000000000000000000
0100000000000000000000000000000000000000000011110000000000000000
0000000000000000000000000000000000000000000000010000000000000000
0000000000000000000000000000000000000000000000000000000000000000
0000000000000000000000000000000000000000000000001000000000000000
1000000000100000000000000000000000000000000000000000000000000000
0100000000111100000000000000000000000000000000000000000000000000
0100000000001110000000000000000000000000000000000000000000000000
0100000000000011000000000000000000000000000000000000000000000000
1000000000000001000000000000000000000000000000000000000000000000
0000000000000000000000000000000000000000000000001100000000000000
0000000000000000000000000000000000000000000000000010000000000000
0000000000000000000000000000000000000000000000000011110000000000
0000000000000000000000000000000000000000000000000000111000000000
0000000000000000000000000000000000000000000000000000001100000000
0000000000000000000000000000000000000000000000000000000100000000
0000000000000000000000000000000000000000000000000000000000000000
0010000000000000000000000000000000000000000000000000000000000000
0011000000000000000000000000000000000000000000000000000000000000
0001110000000000000000000000000000000000000000000000000000000000
0000111000000000000000000000000000000000000000000000000000000000
0000001100000000000000000000000000000000000000000000000000000000
0000000100000000000000000100000001000000000000000000000000000000
0000000000000000010000000000000001000000010000000000000000000000
0000000001000000000000000000000000000000000000000100000000010000
0000000000000000000000000000000000000000000000000000000000011100
0000000000000000000000000000000000000000000000000000000000001110
0000000000000000000000000000000000000000000000000000000000000011
0000000000010000000000000000000000000000000000000001000000000001
0000000000111000000000000000000000000000000000000010110000000000
0000000001000110000000000000000000000000000000000100011000000000
0000000010000011000000000000000000000000000000001000000100000000
0000000000000000010000100100001001000010000000000000000000000000
0000000001000010010000100000000000000000010000100100001000000000
0100001000000000000000000000000000000000000000000100001001000010
0000000000011000000000000000000000000000000000000011100000000000
0000000001100100000000000000000000000000000000000110010000000000
0000000011000010000000000000000000000000000000001000001100000000
0000000000000001000000000010001000100010000000000000000100000000
0000000000000000001000100000000000000000001000100000000000000000
0010001000100010000000000000000000000000000000000010001000100000
0010001000000000000000000000000000000000000000000000000000110010
0010110000000000000000000000000000000000000000000000000001100100
0100011000000000000000000000000000000000000000000000000011000010
1000000100000000000000000010010000000000000000000000000000000001
0000000000000000001001000000000000100100001001000000000000000000
0000000000100100000000000000000000000000001001000010010000000000
0010010000000000000000000000000000000000000000000000000000110000
0011100000000000000000000000000000000000000000000000000000101000
0110010000000000000000000000000000000000000000000000000001000010
1000001100000000000000000000000000000000000000000000000010000001
0000000100000000001001000010010000100100000000000000000000000000
0000000000100100001001000000000000000000001001000010010000000000
0010010000000100000000000000000000000000000000000010010000100000
0000000000000000000110000000000000000000001110000000000000000000
0000000000000000011001000000000000000000011001000000000000000000
0000000000000000110000100000000000000000100000110000000000000000
0000000000000000000000010010001000100010000000010000000000000000
0000000000000000001000100000000000000000001000100000000000000000
0010001000100010000000000000000000000000000000000010001000000000
0010001000000000000100000000000000000000000110000000000000100000
0000000000000000001011000000000000000000001011000000000000000000
0000000000000000010001100000000000000000110000100000000000000000
0000000000000000100000010000001000000000100000010000000000000001
0000000000000000000000100000000000000010000000100000000000000010
0000000000000010000000000000000000000000000000100000001000001100
0000000000000000000000000000000000000000001000000000000000111100
0000000000000000011001000000000000000000011001000000000001110000
0000000000000000110000110000001000000010100000110000000011000000
0000000000000000000000110000000000000000000000110000000010000110
0000000000000010000000000000000000000000000000000000001000001110
0000001000000000000100000000000000000000000110000000000000011010
0000001000000000001011000000000000000000001011000000000001110000
0000011000000000010001100000000000000000110000100000000011100000
0000110000000000100000010000000000000000100000010000000111000000
0011100000000000000000000000000000000000000000000000001100000000
0110000000000000000000000000000000000000000000000000011000000000
1100000000000000000000000000000000000000000000000001110000000000
1000000000000010000000000000000000000000000000000011100000000000
0000000000000110000000000000000000000000000000000110000000000000
0000000000001100000000000000000000000000000000000100000100000000
0000000000011000000000000000000000000000000000000000011100000000
0000000001110000000000000000000000000000000000000000111000000000
0000000001100000000000000000000000000000000000000001100000000000
0000000000000010000000000000000000000000000000000111000000000000
0000000000000110000000000000000000000000000000001110000000000000
0000000000011100000000000000000000000000000001101000000000000000
0000000000111000000000000000000000000000000011000000000000000000
0000000001100000000000000000000000000000001110000000000000000000
0000000011000000000000100000000000000000011100000000000000000000
0000000010000000000001100000000000000000110000000000000000000000
0000000000000000000011000000000000000000100000000000000000000000
0000000000000000000110000000000000000000000000000000000000000000
0000000000000000011100000000000000000000000000000000000000000000
0000000000000000111000000000000000000000000000000000000000000000
0000000000000000100000000000000100000000000000000000000000000000
0000000000000000000000000000001000000000000000000000000000000000
0000000000000000000000000000111000000011000000000000000000000000
0000000000000000000000000001100000000110000000000000000000000000
0000000000000000000000000011000000001100000000000000000000000000
0000000000000000000000000010001000111000000000000000000000000000
0000000000000000000000000000011000110000000000000000000000000000
0000000000000000000000000000110000000011000000000000000000000000
0000000000000000000000000001100000000110000000000000000000000000
0000000000000000000100000011000000001100000100000000000000000000
0000000000000000001110000000000000000000001111000000000000000000
0000000000000000011001000000000000000000010001100000000000000000
0000000000000000100000100000000000000000100000010000000000000000
0000000000000000001000100010001000100010000000000000000000000000
0000000000100010001000100000000000000000001000100010001000000000
0010001000100000000000000000000000000000000000000010000000100010
0000000000000000000110000000000000000000001110000000000000000000
0000000000000000011001000000000000000000011001000000000000000000
0000000000000000110000100000000000000000100000110000000000000000
0000000000000000000000010010010000100100000000010000000000000000
0000000000000000001001000000000000100000001001000000000000000000
0000010000100100000000000000000000000000000000000010010000000100
0011010000000000000000000000000000000000000000000000000000111100
0010110000000000000000000000000000000000000000000000000000100100
0100011000000000000000000000000000000000000000000000000011000010
1000000000000000000000000010010000000000000000000000000000000000
0000000000000000001001000000010000100100001001000000000000000000
0000000000100100000000000000000000000000000001000010010000000000
0010010000000000000000000000000000000000000000000000000000110100
0011100000000000000000000000000000000000000000000000000000101000
0110010000000000000000000000000000000000000000000000000001000100
1000001100000000000000000010001000000000000000000000000010000001
0000000100000000001000100000000000100010001000100000000000000000
0000000000100010000000000000000000000000001000000010001000000000
0010000000000000000000000000000000000000000000000000000000100010
0000000000000000000000000000000011111111111111111111111111100111
1111011011110110111100001111000011111111111111111111111111110011
1111111011111111111111111111111111111111111111111111111111111011
1111111111111111111111111111111111111111111111111111111111111111
1111111111111111111111111111111111111111111111111111111111111111
1111111111111111111111111111111111111111111111111111111111111111
1111111111111111111111111111111111111111111111111111111111111111
1111111111111111111111111111111111111111111111111111111111111111
1111111111111111111111111111111111111111111111111111111111111111
1111111111111111111111111111111111111111111111111111111111111111
1111111111111111111111111111111111111111111111111111111111111111
1111111111111111111111111111111111111111111111111111111111111111
1111111111111111111111111111111111111111111111111111111111111111
1111111111111111111111111111111111111111111111101111100011110000
1111111111111111111111111111111100000000000000000000000000000000
0000111100000000000000000000000001001111000011110000111100001111
1111000011110000111100001111000011111111111111111111111111111111
1111111111111111111111111111111111111111111111111111111111111111
1111111111111111111111111111111111111111111111111111111111111111
1111111111111111111111111111111111111111111111111111111111111111
1111111111111111111111111111111111111111111111111111111111111111
1111111111111111111111111111111111111111111111111111111111111111
1111111111111111111111111111111111111111111111111111111111111111
1111111111111111111111111111111111111111111111111111111111111111
1111111111111111111111111111111111111111111111111111111111111111
1111111111111111111111111111111111111111111111111111111111111111
1111111111111111111111111111111111111111111111111111111111111111
1111111111111111111111111111111111111111111111111111111111111111
1111111111111111111111111111111111111111111111111111111111111111
1111111111111111111111111111111111111111111111111111111111111111
1111111111111111111111111111111111111111111111111111111111111111
1111111111111111111111111111111111111111111111111111111111111111
1111111111111111111111111111111111111111111111111111111111111111
1111111111111111111111111111111111111111111111111111111111111111
1111111111111111111111111111111111111111111111111111111111111111
1111111111111111111111111111111111111111111111111111111111111111
1111111111111111111111111111111111111111111111111111111111111111
1111111111111111111111111111111111111111111111111111111111111111
1111111111111111111111111111111111111111111111111111111111111111
1111111111111111111111101111111111111111111111111111111111111111
0000000011111111111111110111111011111111011111100111111000000000
0000000001111110011111100111111001111110011111100111111000000000
0000000000110000001111000011110000111100001111000000000000000000
0000000000000000001001000001100000011000000000000000000000000000
0000000000000000000000000000000000000000000000000000000000000000
0000000000000000000000000000000000000000000000000000000000000000
0000000000000000000000000000000000000000000000000000000000000000
0000000000000000000000000000000000000000000000000000000000000000
0000000000000000000000000000000000000000000000000000000000000000
0000000000000000000000000000000000000000000000000000000000000000
0000000000000000000000000000000000000000000000000000000000000000
0000000000000000000000000000000000000000000000000000000000000000
0000000000000000000000000000000000000000000000000000000000000000
0000000000000000000000000000000000000000000000000000000000000000
0000000000000000000000000000000000000000000000000000000000000000
0000000000000000000000000000000000000000000000000000000000000000
0000000000000000000000000000000000000000000000000000000000000000
0000000000000000000000000000000000000000000000000000000000000000
0000000000000000000000000000000000000000000000000000000000000000
0000000000000000000000000000000000000000000000000000000000000000
0000000000000000000000000000000000000000000000000000000000000000
0000000000000000000000000000000000000000000000000000000000000000
0000000000000000000000000000000000000000000000000000000000000000
0000000000000000000000000000000000000000000000000000000000000000
0000000000000000000000000000000000000000000000000000000000000000
0000000000000000000000000000000000000000000000000000000000000000
0000000000000000000000000000000000000000000000000000000000000000
0000000000000000000000000000000000000000000000000000000000000000
0000000000000000000000000000000000000000000000000000000000000000
0000000000000000000000000000000000000000000000000000000000000000
0000000000000000000000000000000000000000000000000000000000000000
0000000000000000000000000000000000000000000000000000000000000000
0000000000000000000000000000000000000000000000000000000000000000
0000000000000000000000000000000000000000000000000000000000000000
0000000000000000000000000000000000000000000000000000000000000000
0000000000000000000000000000000000000000000000000000000000000000
1111111100000000000000000000000000000000000000000000000011111111
1111111111100110000000010000000000000000000000001110011011111111
0001100011100110110000111000000000000000110000111110011000011000
0010010001100110110000111000000010000000110000110110011000100100
0110001001000010100000011000000110000001100000010100001001000010
0100001010000000100000010000000000000000100000011000000011000011
1000000110000000000000000000000000000000000000001000000010000001
1000000000000000000000000000000000000000000000000000000000000000
0000000000000000000000000000000000000000000000000000000000000000
0000000000000000000000000000000000000000000000000000000000000000
0000000000000000000000000000000000000000000000000000000000000000
0000000000000000000000000000000000000000000000000000000000000000
0000000000000000000000000000000010000000100000001000000010000000
1000000110000000110000011100000111000001110000011100000010000001
1000000111000010111000011110011101100011011000110100001010000001
1000000111000010011001100011011000110110001001101100001000000000
0000000010000001011001100001110000011100111001101000000000000000
0000000000000000110000000111101001111110110000110000000000000000
0000000000000000100000011110011111000110000000010000000000000000
0000000000000000000000001000000110000000000000000000000000000000
0000000000000000000000000000000000000000000000000000000000000000
0000000000000000000000000000000000000000000000000000000000000000
0000000000000000000000000000000000000000000000000000000000000000
0000000000000000000000000000000000000000000000000000000000000000
0000000000000000000000000000000000000000000000000000000000000000
0000000010000000000000000000000000000001000000001000000000000001
0000000010000000000000001100000000000001000000001110000000000110
0000000000000000000000000000000000001100000000000011000000001100
0000000000000000000000000000110000111000000000000001110000111000
0100000000000000000000000000011001100000000000000000011111100000
1100000010000000000000001000000010000000000000001000000110000001
0000000010000000000000001100000000000100000000000110000000000110
0000000000000000000000000001000000001100000000000011100000011100
0000000000000000000000000001110000110000000000000000110000110000
0000000000000000000000000000011111100000000000000000001011000000
1000000000000000000000000000000110000000000000000000000010000000
0000000000000000000000000000000000000000000000000000000000000000
0000000000000000000000000000000000000000000000000000000000000000
0000000000000000000000000000000000000000011000000110000000000000
0000000000000000000000000000000000000000011000000110000000000000
0000000000000000000000000000000000000000011000000110000000000000
0000000000000000000000000000000000000000011000000110000000000000
0000000000000000000000000000000000000000001000000110000000000000
0000000000000000000000000000000000000000000000000110000000000000
0000000000000000000000000000000000000000001001100110010000000000
0000000000100000010000000000000000000000000001100000000000000000
0000000000100000011000000000000000000000000001100000001000000000
0000000000000000010000000000000000000000000001100000001000000000
0000000001100000001000000000000000000000000001100000011000000000
0000000001000000011000000000000000000000000001100000011000000000
0000000000000000011000000000000000000000000001100000011000000000
0000000000001110000011101111100000011111011100000000000000000000
0000000000001110000011101111100000011111011100000001000000000000
0000100000001110000011101111100000011111011100000001000000000000
0000100000001110000011101111100000011111011100000001000000010000
0000000000001110000011101111100000011111011100000000000000010000
0000000000001110000011101111100000011111011100000100000000000000
0000000000001000000010001111100000011111000100000000000000000000
0000000001100000011100000000011111100000000011100000111000000000
0000000001100000011100000000011111100000000011100000111000000000
0000000001100000011100000000011111100000000011100000111000000000
0000000001000000011100000000011111100000000011100000111000000000
0000000001000000011100000000011111100000000011100000111000000000
0000000000100000011100000000011111100000000011100000111000000000
0000000000000100001101000000001000000000000000000000000001000000
0000000000000100101000000000010000000000000000000000000000000000
0000000000100000100010000000000000000000001001000000000010000000
0000000000000000000010001001000000010000000000000000100000000000
0000000000001000001000001000010000110000000000000000000000000000
0000000000000000010000001000010000000000000000000000000000000000
0000000000000000100010000101000000000000000000000000000000000000
0000000000000000000010000001000000000000001010000000001010000000
0000000000000000000000000100000000000101000000000000000000000000
0100000010000000000000000100000000000000000000000010000000000000
0000000000000000000000000000000000000010000100000010000000000000
0000000000000000000000000000000010000000000000001010000000000000
0001100000000000000000001100000110000011010000000000000000010000
0001100000010000000000001110011111100110000100000001000000010000
0000000000010000000100000011000000111100000100000000000000000000
0000000000000000000000000000000000000000000000000000000000000000
0000000000000000000000000000000000000000000000000000000000000000
0000000000000000000000000000000000000000000000000000000000000000
0000000000000000000000000000000000000000000000000000000000000000
0000000000000000000000000000000000000000000000000000000000000000
0000000000000000000000000000000000000000000000000000000000000000
0000000000000000000000000000000000000000000000000000000000000000
0000000000000000000000000000000000000000000000000000000000000000
0000000000000000000000000000000000000000000000000000000000000000
0000000000000000000000000000000000000000000000000000000000000000
0000000000000001000000110000001100000011000000110000000000000000
0000010000000000000011100000111000000110000001100000000000000000
0000010000011000000010000001100000011000000011000001000000000000
0000000000011000011000000111000001110000011100000001000000000000
0000000000001000011000001100000011000000011000000000010000000000
0000000000000001001000001100000011000000001100000000000100000000
0000000000000001000011000111000001110000000111000000000100000000
0000000000000000000001110001110000011100000001110000000000000000
0000000000000000000000010000011000000110000000010000000000000000
0000000000000000000000000000001100000011000000000000000000000000
0000000000000000000000000000000000000000000000000000000000000000
0000000000000000000000000000000000000000000000000000000000000000
0000000000000000000000000000111111111111000000000000000000000000
0000000000000000100001101111111111111111111000110000000000000000
0000000000000011111001100111100000011000111000111100000000000000
1000000011000011111001000010010000100100001000011100000010000000
1000000001000000011000100010011001100110010000001100000010000000
1000000010000000110000100100001001000010100000011000000000000000
0000000000000000100000011000000110000001100000010000000000000000
0000000000000000000000001000000110000001000000000000000000000000
0000000000000000000000000000000000000000000000000000000000000000
0000000000000000000000000000000000000000000000000000000000000000
0000000000000000000000000000000000000000000000000000000000000000
0000000000000000000000000000000000000000000000000000000000000000
0000000000000000000000000000000000000000000000000000000000000000
0001000000010000000100000001100000011000000110000001100000011000
0001000000110000001101100011111000111100001100000011100000011000
0001000000100100011000000110011101100110011000000010000000011000
0000000000110100011000001100001111000011011000000011100000000000
0000000000010000001100001100001111000011001110000000100000000000
0000000000000000000100000110111001100110000110000000000000000000
0000000000000000000000000011110000111100000000000000000000000000
0000000000000000000000000000000000000000000000000000000000000000
0000000000000000000000000000000000000000000000000000000000000000
0000000000000000000000000000000000000000000000000000000000000000
0000000000000000000000000000000000000000000000000000000000000000
0000000000000000000000000000000000000000000000000000000000000000
0000000000000000000000000000000000000000000000000000000010010000
0100100001001000000000000000000000000000000000001001000010010000
0100000001001000010000100000000010000001100100011001000000000000
0000000000000000010000101101101111011001000100000000000000000000
0000000010000000100100001001000101001000010010100100100000000000
1001000010010000000000000000000000000000000000000100101011011010
1101100001001000000000000000000000000000100000001001000010010000
0000000001001010010000000100101010010001100100010001000000000000
0000000000000000100000001101101111011001010010100000000000000000
0000000010010000100100010001000001000000010010100100100000001000
1001000010010000000000000000000000000000000000000100000001001000
0000000000000000000000000000000000000000000000000000000000000000
0000000000000000000000000000000000000000000000000000000000000000
0000000000000000010000000101101000011000010000000100000000000000
0000000001111100010000000101101001011010010000000111110000000000
0000000001111100010000000101101001011010010000000111110000000000
0000000001111100010000000101101001011010010000000111110000000000
0000000001111100010000000101101001011010010000000111111000000000
0000000001111100010000000101101001011010010000000111111000000000
0000000001111100010000000101101001011010010000000111111000000000
0000000001111100000110000000000000100100001111000010000000000000
1111111110000001101111011010010110100101101111011000000111111111
1111111110000001101111011010010110100101101111011000000111111111
1111111110000001101111011010010110100101101111011000000111111111
1111111110000001101111011010010110100101101111011000000111111111
1111111110000001101111011010010110100101101111011000000111111111
1111111110000001101111011010010110100101101111011000000111111111
0111000000000000000000000000000000001111000011110000111100001111
0000000000000000000000000000000000001111000011110000111100001111
0000000000000000000000000000000000001111000011110000111100001111
0000000000000000000000000000000000001111000011110000111100001111
0000000000000000000000000000000000001111000011100000111100001111
0000000000000000000000000000000000001111000011100000111100001111
0000111100001111000011110000111100000000000000000000000000000000
0000111100001111000011110000111100000000000000000000000000000000
0000111100001111000011110000111100000000000000000000000000000000
0000111100001111000011110000111100000000000000000000000000000000
0000111100001111000011110000111100000000000000000000000000000000
0000111100001111000011110000111100000000000000000000000000000000
0110100111110000111100001111000000000000000000000000000000000000
1111000011110000111100001111000000000000000000000000000000000000
1111000011110000111100001111000000000000000000000000000000000000
1111000011110000111100001111000000000000000000000000000000000000
1111000011110000111100001111000000000000000000000000000000000000
1111000011110000111100001111000000000000000000000000000000000000
1111000011110000100100001001000001100000011000001111000001100000
0000000000000000000000000000000011110000111100001111000011110000
0000000000000000000000000000000011110000111100001111000011110000
0000000000000000000000000000000011110000111100001111000011110000
0000000000000000000000000000000011110000111100001111000011110000
0000000000000000000000000000000011110000111100001111000011110000
0000000000000000000000000000000011110000111100001111000010010000
0001100000000000000000001100001111000010000000000001100000011000
0001000000011000000010001110011011100110000110000001100000010000
0000000000010000000110000011110000111100000110000000000000000000
0000000000000000000000000000000000000000000000000000000000000000
0000000000000000000000000000000000000000000000000000000000000000
0000000000000000000000000000000000000000000000000000000000000000
1110011111101111111011111111111010000000100000001000000010000000
1111111111111111111111111111111011111100111110001111100011111100
1111011111111111111111111111111011110000111110001111100011111110
1111011111111111111111111111111011110100111110001111110011111110
1111011111111111111111101111100111111000111110001111100011111111
1110001111110111111111101111100011111000111110001111100011111111
1110001111100111111111101111000111111000111110001111100011111111
1110000111000011111000101110000111111000111110001111100011111111
1000000111000001110000001100000111100000111000001111100011110000
0000000000000001110000001100000011000000110000001110000011110000
0000000000000000000000000000000011000000110000001100000011110000
0000100000000000000000000000000011000000110000001100000011100000
0000100000000000000000000000000011000000110000001100000011100000
0000100000000000000010000000000011100000110000001110000011000000
0000110000001000000010000000000011100000110000001110000001000000
0000110000001000000010000000000001110000011000000000000000110000
0000100000001000000010000000100000000000000000000000000000000000
0000000000000000000000000000000000000000000000000000000000000000
0000000000000000000000000000000000000000000000000000000000000000
1111111100000001000000000000000000000000000000000000000011111100
1111111111100111100000110000000000000000000000001110000011111110
0001110011100111110000111000000000000000110000001110000000011100
0010010001100110010000101000000010000000110000000110000000100100
0100001001000011100000011000000010000000100000001100000001000000
1100001110000001100000010000000000000000100000001000000011000000
1000000110000000000000000000000000000000000000000000000010000000
0000000000000000000000000000000000000000000000000000000000000000
0000000000000000000000000000000000000000000000000000000000000000
0000000000000000000000000000000000000000000000000000000000000000
0000000000000000000000000000000000000000000000000000000000000000
0000000000000000000000000000000000000000000000000000000000000000
0000000000000000100000001000000010000000100000001000000010000000
1000000011000000110000101100001011000000110000001100000010000000
1000000011000000111001010110011001100000011000000100000010000000
1000000011000010001001100011111000111000001000001100000000000000
0000000010000001111000100011110000110000111000001000000000000000
0000000000000000110000110111111001100010100000000000000000000000
0000000000000000000000011100001111000001000000000000000000000000
0000000000000000000000001000000110000001000000000000000000000000
0000000000000000000000000000000000000000000000000000000000000000
0000000000000000000000000000000000000000000000000000000000000000
0000000000000000000000000000000000000000000000000000000000000000
0000000000000000000000000000000000000000000000000000000000000000
0000000000000000000000000000000000000000000000000000000000000000
0000000000000000000000000000000000000000000000001000000000000000
0000000010000000000000000000000000000011000000001000000000000000
0000000000000000000000000010000000000110000000000010000000000000
0000000000000000000000000010100000010100000000000000000000100000
0000000000000010000000000000111000110000000000000000000001100000
1000000000000011000000000000001110000000000000001000000010000000
1000000100000001000000000100000110000011000000001010000000000000
0000001000000000000000000111000000000110000000000010000000000000
0000000000000000000000000001100000011000000000000000000000000000
0000000000000110000000000000111001110000000000000000000111000000
1000000000000011000000000000001111000000000000000000000110000000
0000000000000000000000000000000000000000000000000000000000000000
0000000000000000000000000000000000000000000000000000000000000000
0000000000000010000001100000000000000000010000000100000000000000
0000000000000010000001100000000000000000010000000100000000000000
0000000000000010000001100000000000000000010000000100000000000000
0000000000000010000001100000000000000000000000000100000000000000
0000000000000010000001100000000000000000000000000100000000000000
0000000000000010000001100000000000000000000000000100000000000000
0000000001000010001001000000000000000000000001100000000000000000
0000000001000000001000000000000000000000000001100000000000000000
0000000001000000001000000000000000000000000001100000000000000000
0000000001000000000000000000000000000000000001100000000000000000
0000000001000000000000000000000000000000000000100000000000000000
0000000001000000010000000000000000000000000000100000000000000000
0000000001000000010000000000000000000000000000101000000010000000
1100000011000000110100001011000011110000110000001110000011000000
1100000011000000110100001011000011110000110000001110000011000000
1100000011000000110100001111000011110000110000001110000011000000
1000000010000000110100001011000011110000110000001010000011100000
1000000010000000110000001111000011110000110100001110000011100000
1100000010000000101000001111000011100000101100001010000011100000
1100000010000000100000001100000011100000100000001000000010000000
0000000000000010000001110000111100001111000000110000000100000000
0000000100000001000001110000111100001111000000110000000100000000
0000000000000001000001110000111100001111000000110000000100000000
0000000000000001000001110000111100000111000000110000000100000000
0000000100000001000001110000111100001111000001110000000100000000
0000000000000001000011110000111000001111000000100000000000000000
1000000011000000110010001110111000000000000000000000000000000000
1110000011100001111010111111101100000000000000000000000000000000
1110000011100000111010111111101100000000000000000000000000000000
1101000011100000110010111111101100000000000000000000000000000000
1100000011100101110110111111101100000000000000000000000000000000
1100000011100101110110111111101100000000000000000000000000000000
1100000010001000100010000000000010001000100010001100000011000000
0000000000000000000000000000000011111111110111011110000011110000
0000000000000000000000000000000011111111110111011110000011110000
0000000000000000000000000000000011111101110111101101000011111000
0000000000000000000000000000000011111101111001101100100011100000
0000000000000000000000000000000011111101111100001110000011110000
0000000000000000000000000000000011001100110000001000000010000000
0000100000001000000000001100000111000101000000000001000000010000
0000000000010000000000000111110001111100000010000001000000000000
0000000000000000000000000000100000000000000000000000000000000000
0000000000000000000000000000000000000000000000000000000000000000
0000000000000000000000000000000000000000000000000000000000000000
0000000000000000000000000000000000000000000000000000000010010000
0100000001000000000000000000000000000000000000001001000010010000
0100000001000000010000100000101010000001100100001001000000000000
0000000000000000010000101100101111001011000100000000000000000000
0000000010000000100000011000000101001010010000000100100000000000
1000000010000000000000000000000000000000000000000100100011010000
1100000001000000000000000000000000000000100000001001000010010000
0000000001000000010000000100101010000001100100010001000000000000
0000000000000000100000011100101111001011010000000000000000000000
0000000010000000100000010000000001000000010000000100000000000000
1000000010000000000000000000000000000000000000000000000001000000
0000000000000000000000000000000000000000000000000000000000000000
0000000000000000000000000000000000000000000000000000000000000000
0000000000000000000000000000000000000000000000000000000000000000
0000000000000000000000000000000000000000000000000000000000000000
0000000000000000000000000000000000000000000000000000000000000000
0000000000000000000000000000000000000000000000000000000000000000
0000000000000000000000000000000000000000000000000000000000000000
0000000000000000000000000000000000000000000000000000000000000000
0000000000000000000000001111111111111111000000000000000000000000
0000000000000000111001011111111111111111111001010000000000000000
0000000011000010111001001111100000011000111001011100000010000000
1000000011000010111001000011010000100100011001001100000010000000
1000000011000000010000000110001001000110010000001000000010000000
1000000010000000110000010100001001000010100000011000000000000000
0000000000000000100000011000000110000001100000010000000000000000
0000000000000000000000001000000110000001000000000000000000000000
0000000000000000000000000000000000000000000000000000000000000000
0000000000000000000000000000000000000000000000000000000000000000
0000000000000000000000000000000000000000000000000000000000000000
0000000000000000000000000000000000000000000000000000000000000000
0000000000000000000000000000000000000000000000000000000000000000
0001111100101111000000000000000000000000000000000000000000000000
0000111001111111001111110000000100000000000000000000000000000000
0000000001000000001111110001111100001111000000000000000000000000
0010000000000000000100000001100000001111000001110000000000000000
0010000000010000000110000000100000000100000001100000000000000000
0000000000001000000011000000010000000110000000100000000000000000
0000000000000100000001100000001000000011000000010000000000000000
0000010000000010000000100000000100000001000000000000000000000000
0000001000000011000000010000000000000000000000000000000000000000
0000000100000001000000000000000000000000000000000000000000000000
0000000000000000000000000000000000000000000000000000000000000000
0000000000000000000000000000000000000000000000000000000000000000
0000000000000000000010000001100000000000000100000001000000010000
0001000000110000001011000011110000111000001101000011100000011000
0001100000110000011001000111011001111110011101100011100000011000
0001000000110000010000001100001111100111011001100011100000011000
0000000000011000011001001100001111000001011101100001100000000000
0000000000000000001001001110011111100111001101000000000000000000
0000000000000000000000000011110000111110000000000000000000000000
0000000000000000000000000001100000011000000000000000000000000000
0000000000000000000000000000000000000000000000000000000000000000
0000000000000000000000000000000000000000000000000000000000000000
0000000000000000000000000000000000000000000000000000000000000000
0000000000000000000000000000000000000000000000000000000000000000
0000000000000000000000000000000000000000000000000000000000000000
1111101100000000000000000000000000000000000000000000000000000000
1111101111111110111110000000000000000000000000000000000000000000
0000001100011110111111001111100011000000000000000000000000000000
0000001000000100000011000011100011110000111000001000000000000000
0000000000001000000110000001000000110000111000001100000010000000
0000000000011000000100000010000001100000010000001100000010000000
0001000000110000001000000110000001000000100000001000000000000000
0010000001100000010000001100000010000000100000000000000000000000
0110000001000000100000001000000000000000000000000000000000000000
1100000010000000000000000000000000000000000000000000000000000000
1000000000000000000000000000000000000000000000000000000000000000
0000000000000000000000000000000000000000000000000000000000000000
0000000000000000000000000000000000000000000000000000000000000000
0000000000000000000000001111111111111111000000000000000000000000
0000000000000000111001001111111111111111111001111100000000000000
0000000011000010111001000001110000111000111000011100000010000000
1000000011000000001001100010010000100100011000000100000010000000
1000000011000000010000100110001001000010110000001000000010000000
0000000010000000100000001100001111000011100000001000000000000000
0000000000000000100000001000000110000001000000000000000000000000
0000000000000000000000000000000000000000000000000000000000000000
0000000000000000000000000000000000000000000000000000000000000000
0000000000000000000000000000000000000000000000000000000000000000
0000000000000000000000000000000000000000000000000000000000000000
0000000000000000000000000000000000000000000000000000000000000000
0000000000000000000000000000100000000000000000000000000000010000
0001000000110000001101000011110000111000001100000011100000010000
0001000000110000011001000111011001111100011100000011100000010000
0001000000110000011000001100001111100111011000000011000000011000
0000000000010000011001001100001111000001011100000001000000000000
0000000000000000001101001110011111100111001101000000000000000000
0000000000000000000100000011110000111110000000000000000000000000
0000000000000000000000000001100000011000000000000000000000000000
0000000000000000000000000000000000000000000000000000000000000000
0000000000000000000000000000000000000000000000000000000000000000
0000000000000000000000000000000000000000000000000000000000000000
0000000000000000000000000000000000000000000000000000000000000000
0000000000000000000000000000000000000000000000000000000000000000
0000000100000000000000010000001001000000100000000100000000000000
0000010100000010000001000000101001010000001000000000000000101000
0001000000101000000100000010100000000100000010100000010000000010
0100000010100000010000001000000000000001000000100000000100000000
0000000000000000000000000000000000000000000000000000000000000000
0000000000000000000000000000000000000000000000000000000000000000
0000000000000000000000001000000000000001000000000000000100000000
0100000010100000010000001010000000000101000000100000010000001010
0001000000101000000100000000100000010000001010000001000000101000
0000010000000010000001010000001001000000101000000100000010000000
0000000100000000000000000000000000000000000000000000000000000000
0000000000000000000000000000000000000000000000000000000000000000
0000000000000000000000000000000000000000000000000000000000000000
0001000010101010010100011010101001010001101010100101010110001010
0100010010101010010001001000100001000100100010000000000010001010
0001000110101010010101011010101001010101101010100101010110101010
0100010010101000010001001000100001000100100010000000000010100010
0001000010101010010101011010101001010101101010100101010110101010
0100010010001000010000001010100001000000101010000000000010100010
0101000010101010010101001010101001010101101010100101010110101000
0100010010001000000000001010101000000000101010100000000010101010
0101010010101010010101001010101001010101101010100101010110101010
0100010010001000000000001000000000000000100000000000000000000000
0000000000000000000000000000000000000000000000000000000000000000
0000000000000000000000000000000000000000000000000000000000000000
0000000000000000000000000000000000000000000000000000000000001111
1111111111100110000000000000000000000000000000001110011011111111
1111111111100110110000110000000000000000100000111110011111111111
0011110011100100110000111000000110000000110000111110011000111100
0010010001000010010000011000000110000001010000100100001000100110
0100001011000010100000011000000010000000100000011100001001000010
1100001110000000100000000000000000000000100000001000000010000001
1000000000000000000000000000000000000000000000000000000010000001
0000000000000000000000000000000000000000000000000000000000000000
0000000000000000000000000000000000000000000000000000000000000000
0000000000000000000000000000000000000000000000000000000000000000
0000000000000000000000000000000000000000000000000000000000000000
0000000000000000000000000000000000000000000000000000000000000000
1000000010000000100000011000000110000000100000001000000110000001
1000000111000010110000011100001111000011110000111100001110000001
1000000111000010011001010110011001110111011001111100001110000001
0000000011000000001001000011110000111100011001001100001100000001
0000000010000000111000100011110000111100110001100000000100000000
0000000000000000100000000110011001100111100000010000000000000000
0000000000000000000000001100001111000010000000000000000000000000
0000000000000000000000001000000110000000000000000000000000000000
0000000000000000000000000000000000000000000000000000000000000000
0000000000000000000000000000000000000000000000000000000000000000
0000000000000000000000000000000000000000000000000000000000000000
0000000000000000000000000000000000000000000000000000000000000000
0000000000000000000000000000000000000000000000000000000000000000
0000000000000000000000000000000000000000000000001000000000000001
0000000011000000000000000100000000000000000000001110000000000111
0000000001000000000000000100000000001100000000000011000000001100
0000000000000000000000000000100000011000000000000001110000111000
0100000000000000000000000000011001100000000000000000011011100000
1100000010000000000000000000001011000000000000001000000010000001
0000000010000000000000000100000000000000000000001110000000000111
0000000000000000000000000001000000001100000000000011100000011100
0000000000000000000000000001110000111000000000000000110000110000
0000000000000000000000000000011001100000000000000000011011000000
1100000000000000000000000000000110000000000000000000000010000000
0000000000000000000000000000000000000000000000000000000000000000
0000000000000000000000000000000000000000010000000110000000000000
0000000000000000000000000000000000000000011000000110000000000000
0000000000000000000000000000000000000000011000000110000000000000
0000000000000000000000000000000000000000011000000110000000000000
0000000000000000000000000000000000000000001000000110000000000000
0000000000000000000000000000000000000000011000000110000000000000
0000000000000000000000000000000000000000010000000110000000000000
0000000001000000001000000000000000000000000001100000001000000000
0000000001100000000000000000000000000000000001100000001000000000
0000000000100000001000000000000000000000000001100000011000000000
0000000000000000011000000000000000000000000001100000011000000000
0000000000100000010000000000000000000000000001100000011000000000
0000000000000000011000000000000000000000000001100000011000000000
0000000000000110011001100000000000000000011001100100010000000000
0000000000001110000011101111100000011111011100000101000000000000
0000000000001110000011101111100000011111011100000101000000000000
0000000000001110000011101111100000011111011100000101000000010000
0000000000001110000011101111100000011111011100000100000000010000
0000000000001110000011101111100000011111011100000100000000010000
0000000000001110000011101111100000011111011100000100000000010000
0000000001001000011000000000011011100000000011100000111000000000
0000000001100000011100000000011111100000000011100000111000000000
0000000001100000011100000000011111100000000011100000111000000000
0000000001100000011100000000011111100000000011100000111000000000
0000000001000000011100000000011111100000000011100000111000000000
0000000001000000011100000000011111100000000011100000111000000000
0000000000000000100100000000111010000000000010000000000000000000
0000000000000000000000000100000010000000000000000010000100000000
0000000000000100000000000101000010000000000000000000000000000000
0000000000001100000000000000000000001000100010000000010000000000
0100000000000000000000000000100100011000000000000000100100000000
0000000010000000000000000000000000000100100000000000100110000000
1000000000000000000000000000000000000101000100000000000000000000
1000000000000000000000100000000100000100000000001000000000000000
0100000010000000000000000000000100100010000000000000000000000000
0000000000000010001000010000001000000000000000000000000000000000
0000000001000000001001000100000001010000000000000000000000000000
0000000000000000000000000000001001010000001000000000000000000000
0011000000000000000100000000011000100001000000000000000000000000
0011000000000000000000001000010110000001000000000000000000011000
0001000000010000000000001110011111100110000100000001100000000000
0000000000010000000100000010110000111100000100000000000000000000
0000000000000000000000000000000000000000000000000000000000000000
0000000000000000000000000000000000000000000000000000000000000000
0000000000000000000000000000000000000000000000000000000000000000
0000000000000000000000000000000000000000000000000000000000000000
0000000000000000000000000000000000000000000000000000000000000000
0000000000000000000000000000000000000000000000000000000000000000
0000000000000000000000000000000000000000000000000000000000000000
0000000000000000000000000000000000000000000000000000000000000000
0000000000000000000000000000000000000000000000000000000000000000
0000000000000000000000000000000000000000000000000000000000000000
0000000000000001000000110000001100000011000000110000000100000000
0000010000000001000001100000111000000111000001110000010100000000
0000000000000000000011000001100000011100000111000001110000000000
0000000000000000011000000111000001110000011100000001100000000000
0000000000001000010000001100000011100000011000000001110000000000
0000000000000001011000001100000011000000011100000000010100000000
0000000000000001000011000111000001110000000111000000000000000000
0000000000000000000001100001110000011000000001000000000000000000
0000000000000000000000110000111000001110000000010000000000000000
0000000000000000000000000000001100000011000000000000000000000000
0000000000000000000000000000000000000000000000000000000000000000
0000000000000000000000000000000000000000000000000000000000000000
0000000000000000000000001111111111111111000000000000000000000000
0000000000000000111001001111111111111111111000111100000000000000
0000000011000010111001010111110000011000111000111100000010000000
1000000011000010001001000010010000100100011000000100000010000000
1000000011000000010000000110001001000010010000001000000010000000
0000000010000000100000010100001111000010100000011000000000000000
0000000000000000100000011000000110000001000000000000000000000000
0000000000000000000000000000000000000000000000000000000000000000
0000000000000000000000000000000000000000000000000000000000000000
0000000000000000000000000000000000000000000000000000000000000000
0000000000000000000000000000000000000000000000000000000000000000
0000000000000000000000000000000000000000000000000000000000000000
0000000000000000000000000000100000000000000000000000000000000000
0001100000011000001101000011110000111000001110000011100000011000
0001100000111000011101100111011001111100011110000011100000011000
0001000000111000011000101110001111100111011000000011100000011000
0000000000111000011001101000001110000011011000000001100000000000
0000000000000000001101001110011111100111001110000000000000000000
0000000000000000000100000111110001111110000110000000000000000000
0000000000000000000000000001100000011000000000000000000000000000
0000000000000000000000000000000000000000000000000000000000000000
0000000000000000000000000000000000000000000000000000000000000000
0000000000000000000000000000000000000000000000000000000000000000
0000000000000000000000000000000000000000000000000000000000000000
0000000000000000000000000000000000000000000000000000000000000000
0000000000000000000000000000000000000000000000000000000010000000
0100100000001000000000000000000000000000000000001001000010010000
0100100001001000010000000000000010000000100100011001000000000000
0000000000000000010000101101101111011000000100010000000000000000
0000000010000000100100001001000101001000010010100100100000000000
1001000010010000000100000000000000000000000000000100100011001011
1101100001001010000000000000000000000000000000001001000011010000
0100000001001010010000000000100010000000100100011001000000000000
0000000000000000010000001101101111011001000100000000000000000000
0000000010000000100100011001000101001000010010100100100000000000
1001000010010000000100000000000000000000000000000100100001001010
1001000000000000000000000000000000000000000000000000000000000000
0000000000000000000000000000000000000000000000000000000000000000
0000000001001100010000000101101001011010010000100111110000000000
0000000001111100010000000101101001011010010000000111110000000000
0000000001111100010000000101101001011010010000000111110000000000
0000000001111100010000000101101001011010010000000111110000000000
0000000001111100010000000101101001011010010000000111111000000000
0000000001111100010000100101101001011010010000000111101000000000
0000000001111100010000100101101001011010010000000111101000000000
0000000000000000101111011010010100100100101111001000000010000000
1111101110000001101111011010010110100101101111001000000011111100
1111101110000001101111011010010110100101101111001000000011111100
1111101110000001101111011010010110100101101110001000000011111100
1111111110000001101111011010010110100101101110011000000111111001
1111111110000001101111011010010110100101101111011000000011111000
1111111110000001100000010000000010000001000000000000000001111000
0000000000000000000000000000000000001111000011110000111100001111
0000000000000000000000000000000000001111000011110000111100001111
0000000000000000000000000000000000001111000011110000111100001111
0000000000000000000000000000000000001111000011110000111100001111
0000000000000000000000000000000000001111000011110000111100001111
0000000000000000000001100000011000001000000000000000000000000000
0000111100001111000011110000111100000000000000000000000000000000
0000111100001111000011110000111100000000000000000000000000000000
0000111100001111000011110000111100000000000000000000000000000000
0000111100001111000011110000111100000000000000000000000000000000
0000111100001111000011110000111100000000000000000000000000000000
0000111100001111000011110000111100000000000000000000000000000000
1111000011110000111100001111000000000000000000000000000000000000
1111000011110000111100001111000000000000000000000000000000000000
1111000011110000111100001111000000000000000000000000000000000000
1111000011110000111100001111000000000000000000000000000000000000
1111000011110000111100001111000000000000000000000000000000000000
1111000011110000111100001111000000000000000000000000000000000000
1001000000000000000000000000000011110000111100001111000011110000
0000000000000000000000000000000011110000111100001111000011110000
0000000000000000000000000000000011110000111100001111000011110000
0000000000000000000000000000000011110000111100001111000011110000
0000000000000000000000000000000011110000111100001111000011110000
0000000000000000000000000000000011110000111100001111000011110000
0000000000000000000000001000000110010001000000000000000000011000
0001100000011000000000001100001111000011000000000001100000011000
0001000000011000000110000111111001111100000110000001100000000000
0000000000000000000100000001100000011000000000000000000000000000
0000000000000000000000000000000000000000000000000000000000000000
0000000000000000000000000000000000000000000000000000000000000000
0000010000001100000011000000111000000000000000000000000000000000
1111011111111111111111111111111111110000111100001111100011110000
1111011111111111111111111111111011111100111110001111100011111000
1111001111111111111111111111111011110100111101001111110011111100
1111001111111111111111101111101011110000111101001111110011111100
1111001111111111111111101111101011110000111100001111110011111110
1110001111110111111111101111000111111000111110001111100011111110
1100000111100011111001101111101011111000111110001111100011111110
1100000111100001110000101110001011110000111110001111100011111010
0000000011100001110000001100000011000000111000001110100011110000
0000100000000000000000001100000011000000110000001110000011100000
0000100000001000000000000000000011000000110000001100000011100000
0000100000000000000000000000000011100000110000001100000011100000
0000100000000000000000000000000011100000110000001100000011100000
0000110000001000000000000000000011100000110000001100000011000000
0000110000001000000010000000100001110000011000000100000001000000
0000110000001100000010000000100000110000001100000000000000000000
0000000000000000000000000000000000000000000000000000000000000000
0000000000000000000000000000000000000000000000000000000000000000
1100111100000000000000000000000000000000000000000000000011111000
1111111111100111000000000000000000000000000000001110000011111100
1111100011100111110000110000000000000000110000001110000011111000
0011010000100100110000111000000010000000110000000110000000110000
0010010001000010110000111000000010000000110000000100000001100000
0100001011000011100000010000000010000000100000001000000001000000
1100001110000001000000000000000000000000000000001000000010000000
1000000100000000000000000000000000000000000000000000000010000000
0000000000000000000000000000000000000000000000000000000000000000
0000000000000000000000000000000000000000000000000000000000000000
0000000000000000000000000000000000000000000000000000000000000000
0000000000000000000000000000000000000000000000000000000000000000
0000000000000000000000000000000000000000000000000000000000000000
1000000110000001100000011000000010000000100000001000000010000000
1000000111000011110000111100001011000000110000001100000010000000
1000000001000010011001100110011001110000011000001100000000000000
0000000011000001011000000011110000110000011000001100000000000000
0000000010000000110001110011110000110000110000000000000000000000
0000000000000000100000010110010011100110100000000000000000000000
0000000000000000000000001100001111000001000000000000000000000000
0000000000000000000000000000000000000000000000000000000000000000
0000000000000000000000000000000000000000000000000000000000000000
0000000000000000000000000000000000000000000000000000000000000000
0000000000000000000000000000000000000000000000000000000000000000
0000000000000000000000000000000000000000000000000000000000000000
0000000000000000000000000000000000000000000000000000000000000000
0000000010000000000000001000000000000001000000001000000000000000
0000000010000000000000001000000000000011000000001010000000000000
0000000000000000000000000010000000000110000000000010000000000000
0000000000000000000000000000110000110000000000000000000000100000
0000000000000010000000000000011000100000000000000000000011100000
1000000100000011000000000000001110000001000000001100000010000000
0000000100000000000000000110000000000111000000000100000000000000
0000000000000000000000000011000000011100000000000000000000000000
0000000000000100000000000001110000110000000000000000000001000000
1000000000000111000000000000011111100000000000000000000111000000
1000000000000001000000000000000110000000000000000000000100000000
0000000000000000000000000000000000000000000000000000000000000000
0000000000000010000001100000000000000000011000000100000000000000
0000000000000010000001100000000000000000011000000100000000000000
0000000000000010000001100000000000000000011000000100000000000000
0000000000000010000001100000000000000000011000000100000000000000
0000000000000010000001100000000000000000010000000100000000000000
0000000000000010000001100000000000000000000000000100000000000000
0000000000000110000001100000000000000000000000000100000000000000
0000000000000000001000000000000000000000000001100000001000000000
0000000000000000001000000000000000000000000001100000001000000000
0000000001000000000000000000000000000000000001100000001000000000
0000000001000000000000000000000000000000000001100000000000000000
0000000001000000010000000000000000000000000000100000000000000000
0000000001000000000000000000000000000000000000100000000000000000
1000000011000000110000001000000010000000110000001100000011000000
1100000011000000110100001111000011110000110000001110000011000000
1000000011000000110100001111000011110000110000001110000011000000
1000000011000000100100001111000011110000110000001110000011100000
1100000011000000110000001111000011011000111000001110000011100000
1100000011000000101000001111000011100000101100001000000011100000
1100000011000000101000001111000011100000101100001000000011100000
1100000010000000100000000000110010000000000000000000000000000000
0000000000000001000001110000111100000111000000110000000100000000
0000000000000001000001110000111100001111000000110000000100000000
0000000000000001000000110000111100001111000000110000000100000000
0000000000000001000001110000111100001111000010110000000100000000
0000000000000001000001110000111100001111000010110000000100000000
0000000000000000000011001000100000001000000010000000000000000000
1100000011000001110111111111111100000000000000000000000000000000
1100000011100101110110111111111100000000000000000000000000000000
1100000011100101110110111111111100000000000000000000000000000000
1100000011100101110110111111101100000000000000000000000000000000
1100000011100101110110111111101100000000000000000000000000000000
1100000011100101100010101110101000000000000000000000000000000000
0000000000000000000000000000000011101110110011001110000011110000
0000000000000000000000000000000011111111110111011110000011110000
0000000000000000000000000000000011111111110111011110000011110000
0000000000000000000000000000000011111101110111101110000011111000
0000000000000000000000000000000011111101111000101110000011100000
0000000000000000000000000000000011111101110000001110000011100000
0000000000000000000000001000000111000001000000000000000000010000
0000000000000000000000001100010011100100000100000001000000000000
0000000000000000000000000010110000101100000000000000000000000000
0000000000000000000000000000000000000000000000000000000000000000
0000000000000000000000000000000000000000000000000000000000000000
0000000000000000000000000000000000000000000000000000000000000000
0100000000000000000000000000000000000000000000000000000010010000
0100000001000000000000000000000000000000100100001001000000010000
0000000001000000010000100100101010000001100100000000000000000000
0000000000000000100000011100101101001011010000000000000000000000
1000000010000000100000010000000000000000010000000100100001000000
1100000000000000000000000000000000000000000000001000000011010000
0100000001000000010000000000000000000000100100001001000000010000
0000000000000000010000001100101111001011100100000000000000000000
0000000000000000100000011100000101001010010000000000100000000000
1000000010010000100000010000000000000000010000000100100001000000
1000000000000000000000000000000000000000000000000000000001000000
0000000000000000000000000000000000000000000000000000000000000000
0000000000000000000000000000000000000000000000000000000000000000
0000000000000000000000000000000000000000000000000000000000000000
0000000000000000000000000000000000000000000000000000000000000000
0000000000000000000000000000000000000000000000000000000000000000
0000000000000000000000000000000000000000000000000000000000000000
0000000000000000000000000000000000000000000000000000000000000000
0000000000000000000000000000000000000000000000000000000000000000
0000000000000000000001011111111111111111111000000000000000000000
0000000000000010111011011111111111111111111001111100000000000000
0000000011000010111001010001110000111100111001011100000010000000
1000000011000010011000000010010000100100010000001100000010000000
1000000010000000010000010100001001000010110000001000000010000000
0000000010000000100000011100001111000011100000010000000000000000
0000000000000000000000001000000110000001000000000000000000000000
0000000000000000000000000000000000000000000000000000000000000000
0000000000000000000000000000000000000000000000000000000000000000
0000000000000000000000000000000000000000000000000000000000000000
0000000000000000000000000000000000000000000000000000000000000000
0000000000000000000000000001100000010000000100000001100000011000
0001100000110000001011000011110000111100001101000011100000011000
0001100000110000011001000111011001111110011101000011100000011000
0001000000110000010000001100001111100111011001000011100000000000
0000000000010000011001001100001111000011011101000001100000000000
0000000000000000001011001110011011100111001101000000000000000000
0000000000000000000000000011110000111100000000000000000000000000
0000000000000000000000000001100000011000000000000000000000000000
0000000000000000000000000000000000000000000000000000000000000000
0000000000000000000000000000000000000000000000000000000000000000
0000000000000000000000000000000000000000000000000000000000000000
0000000000000000000000000000000000000000000000000000000000000000
0000000000000000000000000000000000000000000000000000000000000000
0000000000000000000000001111111111111111000000000000000000000000
0000000000000000111001011111111111111111111000010000000000000000
0000000011000010111001011111110000011000111001011100000010000000
1000000011000010011001000011010000100100011001001100000010000000
1000000011000000010000000110001001000010010000001000000010000000
1000000010000001110000110100001011000010100000011000000000000000
0000000000000000100000011000000110000001100000010000000000000000
0000000000000000000000001000000000000000000000000000000000000000
0000000000000000000000000000000000000000000000000000000000000000
0000000000000000000000000000000000000000000000000000000000000000
0000000000000000000000000000000000000000000000000000000000000000
0000000000000000000000000000000000000000000000000000000000000000
0000000000000000000000000000000000000000000000000000000000000000
0000000000000000000000000000000000000000000000000000000000000000
0000000000000000000000000000000000000000000000000000000000000000
0000000000000000000000000000000000000000000000000000000000000000
0000000000000000000000000000000000000000000000000000000000000000
0000000000000000000000000000000000000000000000000000000000000000
0000000000000000000000000000000000000000000000000000000000000000
0000000000000000000000000000000000000000000000000000000000000000
0000000000000000000000000000000000000000000000000000000000000000